running third case
3000 -3000 | 0
3000 -3001 | 29
3000 -3002 | 52
3000 -3003 | 37
3000 -3004 | 65
3000 -3005 | 36
3000 -3006 | 51
3000 -3007 | 52
3000 -3008 | 28
3000 -3009 | 30
3000 -3010 | 29

3001 -3000 | 29
3001 -3001 | 0
3001 -3002 | 25
3001 -3003 | 33
3001 -3004 | 38
3001 -3005 | 7
3001 -3006 | 24
3001 -3007 | 25
3001 -3008 | 1
3001 -3009 | 1
3001 -3010 | 2

3002 -3000 | 52
3002 -3001 | 25
3002 -3002 | 0
3002 -3003 | 43
3002 -3004 | 37
3002 -3005 | 26
3002 -3006 | 47
3002 -3007 | 48
3002 -3008 | 24
3002 -3009 | 26
3002 -3010 | 23

3003 -3000 | 37
3003 -3001 | 33
3003 -3002 | 43
3003 -3003 | 0
3003 -3004 | 71
3003 -3005 | 26
3003 -3006 | 57
3003 -3007 | 26
3003 -3008 | 34
3003 -3009 | 32
3003 -3010 | 35

3004 -3000 | 65
3004 -3001 | 38
3004 -3002 | 37
3004 -3003 | 71
3004 -3004 | 0
3004 -3005 | 45
3004 -3006 | 14
3004 -3007 | 56
3004 -3008 | 37
3004 -3009 | 39
3004 -3010 | 38

3005 -3000 | 36
3005 -3001 | 7
3005 -3002 | 26
3005 -3003 | 26
3005 -3004 | 45
3005 -3005 | 0
3005 -3006 | 31
3005 -3007 | 32
3005 -3008 | 8
3005 -3009 | 6
3005 -3010 | 9

3006 -3000 | 51
3006 -3001 | 24
3006 -3002 | 47
3006 -3003 | 57
3006 -3004 | 14
3006 -3005 | 31
3006 -3006 | 0
3006 -3007 | 47
3006 -3008 | 23
3006 -3009 | 25
3006 -3010 | 24

3007 -3000 | 52
3007 -3001 | 25
3007 -3002 | 48
3007 -3003 | 26
3007 -3004 | 56
3007 -3005 | 32
3007 -3006 | 47
3007 -3007 | 0
3007 -3008 | 24
3007 -3009 | 26
3007 -3010 | 25

3008 -3000 | 28
3008 -3001 | 1
3008 -3002 | 24
3008 -3003 | 34
3008 -3004 | 37
3008 -3005 | 8
3008 -3006 | 23
3008 -3007 | 24
3008 -3008 | 0
3008 -3009 | 2
3008 -3010 | 1

3009 -3000 | 30
3009 -3001 | 1
3009 -3002 | 26
3009 -3003 | 32
3009 -3004 | 39
3009 -3005 | 6
3009 -3006 | 25
3009 -3007 | 26
3009 -3008 | 2
3009 -3009 | 0
3009 -3010 | 3

3010 -3000 | 29
3010 -3001 | 2
3010 -3002 | 23
3010 -3003 | 35
3010 -3004 | 38
3010 -3005 | 9
3010 -3006 | 24
3010 -3007 | 25
3010 -3008 | 1
3010 -3009 | 3
3010 -3010 | 0
All done
